0.493904
0.519369448275862
0.615288896551724
0.623442344827586
0.644943793103448
0.73620524137931
0.747068689655172
0.780602137931035
0.849321586206897
0.87548103448276
0.90472448275862
0.939303931034483
1.00763937931035
1.03943082758621
1.07434627586207
1.11403172413793
1.22129117241379
1.24061662068966
1.27834006896552
1.35676551724138
1.37376296551724
1.4438064137931
1.46138786206897
1.48421531034483
1.51703475862069
1.55258220689655
1.59485165517241
1.63038910344828
1.66585055172414
1.702114
0.543698
0.651019448275862
0.658756896551724
0.675254344827586
0.759505793103448
0.78075324137931
0.795174689655172
0.824288137931035
0.901975586206897
0.924685034482759
0.95158848275862
1.03894593103448
1.05962537931034
1.08780682758621
1.11838627586207
1.27165772413793
1.27202117241379
1.30009862068966
1.32902006896552
1.41618751724138
1.48276696551724
1.4966844137931
1.52011386206897
1.53898131034483
1.56795075862069
1.60420420689655
1.64377365517241
1.67592310344828
1.70764855172414
1.792096
0.580808
0.718391448275862
0.709896896551724
0.799682344827586
0.837319793103448
0.82836124137931
0.923370689655172
0.930262137931035
0.951509586206897
0.981045034482759
1.06551248275862
1.08726793103448
1.11190137931034
1.14733482758621
1.30959827586207
1.31662772413793
1.34078717241379
1.36212462068966
1.46251606896552
1.50532351724138
1.54102696551724
1.5572084137931
1.58095386206897
1.59592731034483
1.63291675862069
1.67048220689655
1.69926965517241
1.72859110344828
1.83107855172414
1.849046
0.70542
0.705675448275862
0.733106896551724
0.857424344827586
0.851201793103448
0.87872324137931
0.962802689655172
0.965134137931035
1.00675758620690
1.11023703448276
1.11573648275862
1.13936193103448
1.17105937931034
1.35697482758621
1.34533427586207
1.37671572413793
1.39437317241379
1.50327262068966
1.50233406896552
1.59197951724138
1.59990496551724
1.6160904137931
1.63486386206897
1.66879331034483
1.69907275862069
1.72396620689655
1.75333365517241
1.85772910344828
1.88167055172414
1.90126
0.732264
0.741741448275862
0.835996896551724
0.866744344827586
0.876911793103448
0.89994324137931
0.989528689655172
1.01528213793104
1.12422758620690
1.13371703448276
1.16120848275862
1.18302993103448
1.22101537931035
1.38805282758621
1.42252827586207
1.43081972413793
1.53310117241379
1.53635462068966
1.62387806896552
1.62163951724138
1.65201496551724
1.6709284137931
1.70098586206897
1.72766131034483
1.75513675862069
1.78078820689655
1.90048365517241
1.91777110344828
1.93766255172414
1.956002
0.748558
0.778817448275862
0.873794896551724
0.908908344827586
0.920511793103448
1.00022324137931
1.01868668965517
1.05143613793103
1.16886558620690
1.18057703448276
1.21075048275862
1.23232193103448
1.40440137931034
1.42552282758621
1.45291627586207
1.54211172413793
1.55990717241379
1.65299062068966
1.64749206896552
1.67037351724138
1.70098096551724
1.7192684137931
1.75129586206897
1.77892131034483
1.80313875862069
1.82993220689655
1.95294365517241
1.96842310344828
1.98742255172414
2.005298
0.78097
0.816201448275862
0.923386896551724
0.935708344827586
0.954293793103448
1.02590124137931
1.04534868965517
1.17794613793103
1.19490158620690
1.22055903448276
1.25294048275862
1.26255393103448
1.44837337931035
1.44955282758621
1.47108227586207
1.57034772413793
1.64992717241379
1.67301662068966
1.68982206896552
1.71241151724138
1.74313496551724
1.7646904137931
1.79385186206897
1.82202331034483
1.84682675862069
1.98302420689655
1.99635565517241
2.01181110344828
2.03065255172414
2.053984
0.814776
0.935063448275862
0.933394896551724
0.960134344827586
1.03719179310345
1.05775124137931
1.08491268965517
1.21263413793104
1.22464558620690
1.25427903448276
1.27916048275862
1.44565993103448
1.46256537931035
1.49652882758621
1.58312427586207
1.61310572413793
1.70269117241379
1.71033462068966
1.72942806896552
1.75306951724138
1.78418096551724
1.8087344137931
1.83406986206897
1.86169131034483
1.88756875862069
2.01617620689655
2.03669765517241
2.05382510344828
2.07474855172414
2.096242
0.858456
0.936453448275862
0.963310896551724
0.993848344827586
1.06801379310345
1.08991924137931
1.11301268965517
1.22853613793103
1.26303758620690
1.28928503448276
1.30907848275862
1.48959193103448
1.50873737931034
1.51712882758621
1.63278827586207
1.67385172413793
1.71226717241379
1.74312862068966
1.76429006896552
1.78916151724138
1.82339896551724
1.8440384137931
1.87019186206897
1.89694531034483
2.03971875862069
2.05171420689655
2.07189765517241
2.09020310344828
2.11155855172414
2.133402
0.931798
0.964257448275862
0.989142896551724
1.07781034482759
1.08391979310345
1.13262324137931
1.22226668965517
1.26839013793103
1.28879158620690
1.31309903448276
1.49080848275862
1.51219193103448
1.53125137931035
1.61522682758621
1.65210827586207
1.72426972413793
1.74252917241379
1.77766462068966
1.79813206896552
1.82231951724138
1.85777896551724
1.8796364137931
1.90507386206897
2.01243131034483
2.07222275862069
2.08509620689655
2.10534165517241
2.12549310344828
2.14602055172414
2.168838
0.95788
0.990507448275862
1.03543089655172
1.09510434482759
1.13026579310345
1.15525524137931
1.24769868965517
1.28887413793103
1.31078558620690
1.35011103448276
1.50693848275862
1.52659793103448
1.55911737931034
1.65109482758621
1.67425627586207
1.74906172413793
1.77432717241379
1.80723862068966
1.82828406896552
1.85894951724138
1.88707296551724
1.9107144137931
1.93705186206897
2.08152931034483
2.10187075862069
2.11588420689655
2.13574965517241
2.15576310344828
2.17752255172414
2.200592
0.98453
1.02069344827586
1.05329689655172
1.12890834482759
1.16209979310345
1.26440924137931
1.27517068965517
1.32325013793103
1.35913758620690
1.51312503448276
1.53783048275862
1.55178793103448
1.58912337931034
1.67627082758621
1.75917427586207
1.77690772413793
1.80149517241379
1.83520662068966
1.85985006896552
1.89134351724138
1.91542296551724
1.9404164137931
2.05210186206897
2.11333731034483
2.13086275862069
2.14590220689655
2.16536365517241
2.18610910344828
2.20829055172414
2.405104
1.012148
1.05893544827586
1.14315489655172
1.15637834482759
1.18866579310345
1.28131724137931
1.30929868965517
1.36214013793103
1.38356158620690
1.54220903448276
1.55148448275862
1.58040593103448
1.61385537931034
1.69905282758621
1.79933827586207
1.80227572413793
1.82876917241379
1.86551862068966
1.89080206896552
1.91768351724138
1.94311696551724
1.9692924137931
2.06432786206897
2.13888131034483
2.15783875862069
2.17058420689655
2.19240365517241
2.21304710344828
2.23332855172414
2.43305
1.063418
1.08205344827586
1.15653489655172
1.17927834482759
1.19818179310345
1.30901124137931
1.33851668965517
1.38507413793103
1.54986158620690
1.55658303448276
1.58171848275862
1.60487993103448
1.70583137931035
1.72565682758621
1.82076827586207
1.82886772413793
1.85482317241379
1.89288262068966
1.91731806896552
1.94464951724138
1.96928496551724
1.9957024137931
2.14498186206897
2.16351331034483
2.18234475862069
2.19648820689655
2.21780965517241
2.23632910344828
2.43556655172414
2.458842
1.082578
1.16638344827586
1.17417289655172
1.21216434482759
1.31761979310345
1.32986324137931
1.36419868965517
1.41653413793103
1.58514958620690
1.58687703448276
1.60219048275862
1.71266593103448
1.73109537931035
1.82216882758621
1.81880027586207
1.85522772413793
1.88268117241379
1.92395062068966
1.94576806896552
1.97152951724138
1.99671696551724
2.1476244137931
2.17256186206897
2.18893931034483
2.20695475862069
2.22119420689655
2.24187765517241
2.26236310344828
2.46780255172414
2.485816
1.106092
1.16934344827586
1.21629289655172
1.24027234482759
1.34449379310345
1.36174124137931
1.39425268965517
1.45311813793103
1.58456758620690
1.61061303448276
1.62798048275862
1.73915193103448
1.75493937931035
1.84465882758621
1.84259827586207
1.87766972413793
1.90708117241379
1.94786262068966
1.97174806896552
1.99633951724138
2.02164096551724
2.1704704137931
2.19510186206897
2.20882931034483
2.22866675862069
2.24392620689655
2.26531165517241
2.28684910344828
2.49458455172414
2.50989
1.12502
1.19000544827586
1.24060889655172
1.34237634482759
1.36944579310345
1.37928124137931
1.43282068965517
1.59097613793103
1.60958158620690
1.63264903448276
1.65913648275862
1.75880393103448
1.83031337931034
1.83901682758621
1.86626227586207
1.90389572413793
1.93649117241379
1.97206462068966
1.99533206896552
2.02202551724138
2.04699696551724
2.1962384137931
2.21915986206897
2.23304731034483
2.25269475862069
2.26842620689655
2.28848165517241
2.49041510344828
2.51934255172414
2.528246
1.199794
1.22964544827586
1.26337289655172
1.35420634482759
1.38674179310345
1.41843724137931
1.46132468965517
1.62653213793104
1.63887558620690
1.66769703448276
1.76812048275862
1.78156593103448
1.86883537931035
1.86003282758621
1.88897227586207
1.93574972413793
1.96072317241379
1.99810862068966
2.01935606896552
2.04573351724138
2.14639096551724
2.2183004137931
2.23966586206897
2.25524931034483
2.27418675862069
2.29122420689655
2.31136765517241
2.51228510344828
2.54231255172414
2.550294
1.208142
1.24433344827586
1.29427489655172
1.37629634482759
1.41309579310345
1.45126124137931
1.48042268965517
1.62360213793104
1.66753758620690
1.68585703448276
1.78617248275862
1.85873993103448
1.86786337931035
1.88329082758621
1.91145827586207
1.95992572413793
1.98842317241379
2.02108062068966
2.04145206896552
2.06899351724138
2.22192096551724
2.2400824137931
2.25997386206897
2.27553731034483
2.29606075862069
2.31235820689655
2.33353965517241
2.54448910344828
2.56196655172414
2.572246
1.244344
1.27899744827586
1.29638689655172
1.40345034482759
1.44584379310345
1.46942124137931
1.62584668965517
1.64522813793103
1.69001358620690
1.70313303448276
1.80567048275862
1.88487593103448
1.88767337931035
1.90318482758621
1.93492827586207
1.98275972413793
2.01380917241379
2.04365462068966
2.06453406896552
2.21234951724138
2.24316496551724
2.2615904137931
2.28102586206897
2.29807531034483
2.31827675862069
2.33467620689655
2.54447765517241
2.56751110344828
2.58356455172414
2.594028
1.263784
1.30095944827586
1.40016089655172
1.41986434482759
1.45746779310345
1.48016524137931
1.64749068965517
1.68369413793104
1.70845958620690
1.72535903448276
1.82231848275862
1.90432193103448
1.90246737931035
1.92455282758621
1.95730627586207
2.00812172413793
2.03436517241379
2.06497062068966
2.08671806896552
2.23334551724138
2.26338896551724
2.2823464137931
2.30141786206897
2.31814931034483
2.33887275862069
2.55972620689655
2.55880565517241
2.59058910344828
2.59775655172414
2.614064
1.274652
1.30913344827586
1.41009689655172
1.44930234482759
1.47953579310345
1.51336924137931
1.67552868965517
1.71210813793104
1.72098958620690
1.83123903448276
1.89791448275862
1.92836793103448
1.92401537931035
1.94572882758621
1.98148227586207
2.02969772413793
2.05745117241379
2.08654262068966
2.10893806896552
2.25521951724138
2.28397696551724
2.3030444137931
2.32207186206897
2.33956331034483
2.35959475862069
2.54508620689655
2.58189165517241
2.60693310344828
2.61869655172414
2.830506
1.284812
1.33847544827586
1.43236089655172
1.46936634482759
1.49430579310345
1.65307524137931
1.69937868965517
1.72098813793104
1.74200958620690
1.84297103448276
1.91832048275862
1.94055193103448
1.94640137931035
1.96655882758621
2.00222627586207
2.05020372413793
2.07764117241379
2.10627862068966
2.25326206896552
2.27388751724138
2.30412696551724
2.3211724137931
2.34107186206897
2.35892931034483
2.37722075862069
2.56853020689655
2.60174365517241
2.61930510344828
2.63933455172414
2.852306
1.322958
1.43039144827586
1.45071889655172
1.48354634482759
1.52552779310345
1.68332724137931
1.71883668965517
1.73907613793103
1.76701158620690
1.84611303448276
1.93785448275862
1.95826593103448
1.96498337931035
1.98788282758621
2.02328627586207
2.07387972413793
2.09747117241379
2.12676062068966
2.27321206896552
2.29325151724138
2.32316296551724
2.3409304137931
2.36067186206897
2.37925331034483
2.39748675862069
2.58878020689655
2.62119565517241
2.63947710344828
2.82895255172414
2.852118
1.36055
1.44579144827586
1.46067089655172
1.49742034482759
1.54399179310345
1.70969324137931
1.73385468965517
1.76120413793104
1.85280158620690
1.86229503448276
1.95428448275862
1.97828593103448
1.98396537931035
2.00856682758621
2.06005627586207
2.09280172413793
2.11767517241379
2.14587862068966
2.29139806896552
2.31134551724138
2.34121696551724
2.3594044137931
2.37910386206897
2.39794331034483
2.61520475862069
2.60804220689655
2.63908165517241
2.65860310344828
2.87260055172414
2.90533
1.377936
1.45181344827586
1.47550489655172
1.53456434482759
1.56687979310345
1.72914524137931
1.75012668965517
1.84623813793103
1.88189158620690
1.95249103448276
1.96763648275862
1.96843993103448
2.01312737931034
2.02933482758621
2.05086627586207
2.08180772413793
2.10948917241379
2.13667662068966
2.27347606896552
2.28985951724138
2.30874496551724
2.3770064137931
2.39697986206897
2.41625331034483
2.59797875862069
2.62648220689655
2.65699365517241
2.86375910344828
2.88998255172414
2.913272
1.48443
1.46160544827586
1.49853889655172
1.54999434482759
1.70254579310345
1.74933124137931
1.76615468965517
1.86306013793103
1.89532558620690
1.97463703448276
1.98961648275862
2.01543593103448
2.02879337931035
2.04597482758621
2.06950627586207
2.10106572413793
2.12881717241379
2.27108062068966
2.29020006896552
2.30605751724138
2.32666496551724
2.3489484137931
2.37221786206897
2.39987931034483
2.62693875862069
2.61854820689655
2.66863565517241
2.87482910344828
2.91961255172414
2.943912
1.396562
1.48271144827586
1.51660889655172
1.58147634482759
1.76971179310345
1.75600324137931
1.78936668965517
1.88854213793103
1.91135558620690
1.98724903448276
2.00431848275862
2.03221793103448
2.04518337931035
2.06634282758621
2.08752427586207
2.11962772413793
2.14705917241379
2.28715462068966
2.30545806896552
2.32205951724138
2.34119696551724
2.3663904137931
2.38982786206897
2.41987131034483
2.61897675862069
2.63008020689655
2.64949965517241
2.89599310344828
2.94201055172414
2.959666
1.49466
1.53454744827586
1.56829489655172
1.57101834482759
1.74113179310345
1.79393924137931
1.80795468965517
1.89472213793104
1.93037958620690
2.00538703448276
2.03062248275862
2.04695993103448
2.06027337931034
2.08311882758621
2.11106827586207
2.13772772413793
2.16563717241379
2.30510862068966
2.32118006896552
2.33782751724138
2.35860696551724
2.3837464137931
2.40876186206897
2.64325331034483
2.63453275862069
2.64698220689655
2.88397965517241
2.92866910344828
2.95651255172414
2.93365
1.363336
1.50570344827586
1.53624689655172
1.53171434482759
1.72162379310345
1.74545124137931
1.77295268965517
1.87209213793103
1.89638958620690
1.96937703448276
2.04287248275862
2.06134593103448
2.07852937931034
2.09848282758621
2.12771627586207
2.15580772413793
2.18312717241379
2.31848062068966
2.33602006896552
2.35311951724138
2.37620896551724
2.4002144137931
2.42574586206897
2.63245331034483
2.64667475862069
2.66475220689655
2.91358165517241
2.94312310344828
2.97623255172414
3.001198
